416
411
132
484
433
199
52
17
206
25
271
316
386
248
186
347
232
89
457
293
377
317
383
402
118
103
63
79
66
366
373
29
267
455
177
149
102
172
11
278
344
201
324
202
331
338
495
320
18
273
160
322
447
456
128
25
55
475
398
462
109
6
453
35
71
351
377
308
363
189
335
476
30
10
449
47
268
223
4
262
427
160
18
433
87
295
285
287
478
55
92
368
140
444
383
84
201
125
268
66
237
490
143
195
81
441
289
390
464
30
38
477
396
171
434
142
398
349
45
161
193
194
335
325
355
4
432
320
71
35
307
294
115
428
202
471
237
458
411
278
156
270
365
49
100
104
109
121
231
51
353
127
292
46
295
144
457
354
71
154
445
472
158
113
468
248
123
117
396
52
221
427
270
59
83
140
425
178
29
304
64
483
209
349
466
191
8
48
315
313
139
440
187
223
113
24
293
382
204
430
126
339
171
100
137
464
204
59
451
193
175
59
245
232
263
454
165
102
459
161
186
260
289
41
146
450
137
418
98
239
354
372
214
365
174
487
301
44
171
411
39
276
316
466
204
482
95
386
111
328
375
381
375
204
149
24
481
94
71
98
91
132
242
411
491
191
345
215
492
291
164
259
94
344
32
404
299
215
439
283
87
144
473
308
154
356
147
37
173
133
172
280
327
89
492
224
497
105
370
264
95
220
150
418
417
3
430
369
494
104
461
188
230
81
359
472
143
174
472
189
482
152
259
193
74
195
385
393
410
96
456
453
151
439
432
115
479
278
169
93
277
284
81
471
361
500
452
284
413
180
103
107
126
382
256
379
332
104
427
26
210
488
201
348
491
371
132
132
209
34
331
223
399
194
492
333
387
142
93
388
459
368
208
151
143
408
232
419
173
103
186
423
263
151
271
446
387
492
337
280
228
224
353
57
250
28
273
47
181
263
23
333
73
269
306
236
207
281
354
210
423
347
10
490
355
268
169
209
117
268
304
258
359
493
33
247
183
197
381
73
87
133
135
243
3
455
208
25
222
476
423
208
44
257
456
406
34
456
181
286
440
451
338
417
392
31
61
350
195
489
93
376
349
323
215
66
491
164
55
137
409
273
7
20
185
374
282
415
444
114
80
324
434
180
437
182
292
233
433
357
